Running main() from gtest_main.cc
[==========] Running 17 tests from 3 test cases.
[----------] Global test environment set-up.
[----------] 12 tests from CubeCodeTest
[ RUN      ] CubeCodeTest.Initialization
[       OK ] CubeCodeTest.Initialization (1 ms)
[ RUN      ] CubeCodeTest.GetBitByIndex
[       OK ] CubeCodeTest.GetBitByIndex (0 ms)
[ RUN      ] CubeCodeTest.SetBitByIndex
[       OK ] CubeCodeTest.SetBitByIndex (0 ms)
[ RUN      ] CubeCodeTest.CalcParityFromSourceBit
[       OK ] CubeCodeTest.CalcParityFromSourceBit (1 ms)
[ RUN      ] CubeCodeTest.GetCodeFromParity
[       OK ] CubeCodeTest.GetCodeFromParity (0 ms)
[ RUN      ] CubeCodeTest.EncodingCode1PDims
[       OK ] CubeCodeTest.EncodingCode1PDims (1 ms)
[ RUN      ] CubeCodeTest.EncodingCode2PDims
[       OK ] CubeCodeTest.EncodingCode2PDims (0 ms)
[ RUN      ] CubeCodeTest.EncodingCode3PDims
[       OK ] CubeCodeTest.EncodingCode3PDims (1 ms)
[ RUN      ] CubeCodeTest.Decoding0BitErrorCode
[       OK ] CubeCodeTest.Decoding0BitErrorCode (0 ms)
[ RUN      ] CubeCodeTest.Decoding1BitErrorCode
needVotes2votes3;12 18859
8 18859
4 18859
10 18859
8 18859
2 18859
6 18859
4 18859
2 18859
9 18859
8 18859
1 18859
5 18859
4 18859
1 18859
3 18859
2 18859
1 18859
14 18987
12 18987
10 18987
13 18987
12 18987
9 18987
11 18987
10 18987
9 18987
7 18987
6 18987
5 18987
15 32299
14 32299
13 32299
[       OK ] CubeCodeTest.Decoding1BitErrorCode (1 ms)
[ RUN      ] CubeCodeTest.Decoding3BitErrorCodeWith2ParityDims
needVotes4votes7;14 23618
12 23618
10 23618
6 23618
8 23618
4 23618
2 23618
13 23618
12 23618
9 23618
5 23618
8 23618
4 23618
1 23618
11 23618
10 23618
9 23618
3 23618
8 23618
2 23618
1 23618
7 23618
6 23618
5 23618
3 23618
4 23618
2 23618
1 23618
15 31602
14 31602
13 31602
11 31602
7 31602
12 31602
10 31602
needVotes4votes7;14 22767
12 22767
10 22767
6 22767
8 22767
4 22767
2 22767
13 22767
12 22767
9 22767
5 22767
8 22767
4 22767
1 22767
11 22767
10 22767
9 22767
3 22767
8 22767
2 22767
1 22767
7 22767
6 22767
5 22767
3 22767
4 22767
2 22767
1 22767
15 32735
14 32735
13 32735
11 32735
7 32735
12 32735
10 32735
needVotes4votes7;14 12486
12 12486
10 12486
6 12486
8 12486
4 12486
2 12486
13 12486
12 12486
9 12486
5 12486
8 12486
4 12486
1 12486
11 12486
10 12486
9 12486
3 12486
8 12486
2 12486
1 12486
7 12486
6 12486
5 12486
3 12486
4 12486
2 12486
1 12486
15 6134
14 6134
13 6134
11 6134
7 6134
12 6134
10 6134
[       OK ] CubeCodeTest.Decoding3BitErrorCodeWith2ParityDims (1 ms)
[ RUN      ] CubeCodeTest.EncodingDecodingCombined
220i'm hereneedVotes8votes15;60 5922144976742920119
56 5922144976742920119
52 5922144976742920119
44 5922144976742920119
28 5922144976742920119
48 5922144976742920119
40 5922144976742920119
24 5922144976742920119
36 5922144976742920119
20 5922144976742920119
12 5922144976742920119
32 5922144976742920119
16 5922144976742920119
8 5922144976742920119
4 5922144976742920119
58 5922144976742920119
56 5922144976742920119
50 5922144976742920119
42 5922144976742920119
26 5922144976742920119
48 5922144976742920119
40 5922144976742920119
24 5922144976742920119
34 5922144976742920119
18 5922144976742920119
10 5922144976742920119
32 5922144976742920119
16 5922144976742920119
8 5922144976742920119
2 5922144976742920119
54 5922144976742920119
52 5922144976742920119
50 5922144976742920119
38 5922144976742920119
22 5922144976742920119
48 5922144976742920119
36 5922144976742920119
20 5922144976742920119
34 5922144976742920119
18 5922144976742920119
6 5922144976742920119
32 5922144976742920119
16 5922144976742920119
4 5922144976742920119
2 5922144976742920119
46 5922144976742920119
44 5922144976742920119
42 5922144976742920119
38 5922144976742920119
14 5922144976742920119
40 5922144976742920119
36 5922144976742920119
12 5922144976742920119
34 5922144976742920119
10 5922144976742920119
6 5922144976742920119
32 5922144976742920119
8 5922144976742920119
4 5922144976742920119
2 5922144976742920119
30 5922144976742920119
28 5922144976742920119
26 5922144976742920119
22 5922144976742920119
14 5922144976742920119
24 5922144976742920119
20 5922144976742920119
12 5922144976742920119
18 5922144976742920119
10 5922144976742920119
6 5922144976742920119
16 5922144976742920119
8 5922144976742920119
4 5922144976742920119
2 5922144976742920119
57 5922144976742920119
56 5922144976742920119
49 5922144976742920119
41 5922144976742920119
25 5922144976742920119
48 5922144976742920119
40 5922144976742920119
24 5922144976742920119
33 5922144976742920119
17 5922144976742920119
9 5922144976742920119
32 5922144976742920119
16 5922144976742920119
8 5922144976742920119
1 5922144976742920119
53 5922144976742920119
52 5922144976742920119
49 5922144976742920119
37 5922144976742920119
21 5922144976742920119
48 5922144976742920119
36 5922144976742920119
20 5922144976742920119
33 5922144976742920119
17 5922144976742920119
5 5922144976742920119
32 5922144976742920119
16 5922144976742920119
4 5922144976742920119
1 5922144976742920119
45 5922144976742920119
44 5922144976742920119
41 5922144976742920119
37 5922144976742920119
13 5922144976742920119
40 5922144976742920119
36 5922144976742920119
12 5922144976742920119
33 5922144976742920119
9 5922144976742920119
5 5922144976742920119
32 5922144976742920119
8 5922144976742920119
4 5922144976742920119
1 5922144976742920119
29 5922144976742920119
28 5922144976742920119
25 5922144976742920119
21 5922144976742920119
13 5922144976742920119
24 5922144976742920119
20 5922144976742920119
12 5922144976742920119
17 5922144976742920119
9 5922144976742920119
5 5922144976742920119
16 5922144976742920119
8 5922144976742920119
4 5922144976742920119
1 5922144976742920119
51 5922144976742920119
50 5922144976742920119
49 5922144976742920119
35 5922144976742920119
19 5922144976742920119
48 5922144976742920119
34 5922144976742920119
18 5922144976742920119
33 5922144976742920119
17 5922144976742920119
3 5922144976742920119
32 5922144976742920119
16 5922144976742920119
2 5922144976742920119
1 5922144976742920119
43 5922144976742920119
42 5922144976742920119
41 5922144976742920119
35 5922144976742920119
11 5922144976742920119
40 5922144976742920119
34 5922144976742920119
10 5922144976742920119
33 5922144976742920119
9 5922144976742920119
3 5922144976742920119
32 5922144976742920119
8 5922144976742920119
2 5922144976742920119
1 5922144976742920119
27 5922144976742920119
26 5922144976742920119
25 5922144976742920119
19 5922144976742920119
11 5922144976742920119
24 5922144976742920119
18 5922144976742920119
10 5922144976742920119
17 5922144976742920119
9 5922144976742920119
3 5922144976742920119
16 5922144976742920119
8 5922144976742920119
2 5922144976742920119
1 5922144976742920119
39 5922144976742920119
38 5922144976742920119
37 5922144976742920119
35 5922144976742920119
7 5922144976742920119
36 5922144976742920119
34 5922144976742920119
6 5922144976742920119
33 5922144976742920119
5 5922144976742920119
3 5922144976742920119
32 5922144976742920119
4 5922144976742920119
2 5922144976742920119
1 5922144976742920119
23 5922144976742920119
22 5922144976742920119
21 5922144976742920119
19 5922144976742920119
7 5922144976742920119
20 5922144976742920119
18 5922144976742920119
6 5922144976742920119
17 5922144976742920119
5 5922144976742920119
3 5922144976742920119
16 5922144976742920119
4 5922144976742920119
2 5922144976742920119
1 5922144976742920119
15 5922144976742920119
14 5922144976742920119
13 5922144976742920119
11 5922144976742920119
7 5922144976742920119
12 5922144976742920119
10 5922144976742920119
6 5922144976742920119
9 5922144976742920119
5 5922144976742920119
3 5922144976742920119
8 5922144976742920119
4 5922144976742920119
2 5922144976742920119
1 5922144976742920119
62 5922144976753431671
60 5922144976753431671
58 5922144976753431671
54 5922144976753431671
46 5922144976753431671
30 5922144976753431671
56 5922144976753431671
52 5922144976753431671
44 5922144976753431671
28 5922144976753431671
50 5922144976753431671
42 5922144976753431671
26 5922144976753431671
38 5922144976753431671
22 5922144976753431671
61 5922144976753431671
60 5922144976753431671
57 5922144976753431671
53 5922144976753431671
45 5922144976753431671
29 5922144976753431671
56 5922144976753431671
52 5922144976753431671
44 5922144976753431671
28 5922144976753431671
49 5922144976753431671
41 5922144976753431671
25 5922144976753431671
37 5922144976753431671
21 5922144976753431671
59 5922144976753431671
58 5922144976753431671
57 5922144976753431671
51 5922144976753431671
43 5922144976753431671
27 5922144976753431671
56 5922144976753431671
50 5922144976753431671
42 5922144976753431671
26 5922144976753431671
49 5922144976753431671
41 5922144976753431671
25 5922144976753431671
35 5922144976753431671
19 5922144976753431671
55 5922144976753431671
54 5922144976753431671
53 5922144976753431671
51 5922144976753431671
39 5922144976753431671
23 5922144976753431671
52 5922144976753431671
50 5922144976753431671
38 5922144976753431671
22 5922144976753431671
49 5922144976753431671
37 5922144976753431671
21 5922144976753431671
35 5922144976753431671
19 5922144976753431671
47 5922144976753431671
46 5922144976753431671
45 5922144976753431671
43 5922144976753431671
39 5922144976753431671
15 5922144976753431671
44 5922144976753431671
42 5922144976753431671
38 5922144976753431671
14 5922144976753431671
41 5922144976753431671
37 5922144976753431671
13 5922144976753431671
35 5922144976753431671
11 5922144976753431671
31 5922144976753431671
30 5922144976753431671
29 5922144976753431671
27 5922144976753431671
23 5922144976753431671
15 5922144976753431671
28 5922144976753431671
26 5922144976753431671
22 5922144976753431671
14 5922144976753431671
25 5922144976753431671
21 5922144976753431671
13 5922144976753431671
19 5922144976753431671
11 5922144976753431671
618659840 63 5922144976138966135
62 5922144976138966135
61 5922144976138966135
59 5922144976138966135
55 5922144976138966135
47 5922144976138966135
31 5922144976138966135
60 5922144976138966135
58 5922144976138966135
54 5922144976138966135
46 5922144976138966135
30 5922144976138966135
57 5922144976138966135
53 5922144976138966135
45 5922144976138966135
i'm here../test/cubecode_test.cc:206: Failure
Value of: decoded
  Actual: 0
Expected: expected
Which is: 2840021
[  FAILED  ] CubeCodeTest.EncodingDecodingCombined (10 ms)
[----------] 12 tests from CubeCodeTest (16 ms total)

[----------] 2 tests from UnitCubeTest
[ RUN      ] UnitCubeTest.Initialization
[       OK ] UnitCubeTest.Initialization (0 ms)
[ RUN      ] UnitCubeTest.GetParallelHCubes3Bits
[       OK ] UnitCubeTest.GetParallelHCubes3Bits (1 ms)
[----------] 2 tests from UnitCubeTest (1 ms total)

[----------] 3 tests from HypercubeTest
[ RUN      ] HypercubeTest.Initialization
[       OK ] HypercubeTest.Initialization (0 ms)
[ RUN      ] HypercubeTest.SetFixedBits
[       OK ] HypercubeTest.SetFixedBits (0 ms)
[ RUN      ] HypercubeTest.GetElements
[       OK ] HypercubeTest.GetElements (0 ms)
[----------] 3 tests from HypercubeTest (0 ms total)

[----------] Global test environment tear-down
[==========] 17 tests from 3 test cases ran. (17 ms total)
[  PASSED  ] 16 tests.
[  FAILED  ] 1 test, listed below:
[  FAILED  ] CubeCodeTest.EncodingDecodingCombined

 1 FAILED TEST
